0.857929117771976
0.8796552562649077
0.9108144218824371
0.9108144218824371
0.9133538678825701
0.8436229570302356
0.892420229504313
0.8787894917770745
0.8622713949224322
0.9008596211338635
0.7509630332400129
0.7588264634606834
0.8003990435764972
0.8066535920072121
0.7989287642347711
0.8241294199470739
0.8428661879758489
0.8803617883847986
0.888266089309587
0.888266089309587
0.8545066728166865
0.8060245317916249
0.902461454290506
0.8900969977193252
0.8926158207887757
0.8879560678047873
0.903726636402645
0.8971800115695449
0.8922202674154169
0.9094388185991739
0.9128396462646321
0.9227734960055803
0.7533548949784289
0.8005842435868861
0.8557847132837508
0.8079312342334519
0.8973226461186876
0.8844433412142271
0.8513624495324501
0.8775132831406979
0.9164735548004574
0.8929831114726201