11.272727272727273
26.428571428571427
24.125
26.466666666666665
15.588235294117647
14.205479452054794
14.205479452054794
13.507246376811594
16.813953488372093
14.028985507246377
16.767857142857142
18.033898305084747
15.703125
23.0
20.0
26.4
13.142857142857142
13.533333333333333
15.5
15.928571428571429
21.42105263157895
19.26923076923077
19.26923076923077
15.153846153846153
15.384615384615385
19.22222222222222
20.22222222222222
16.285714285714285
13.444444444444445
13.852459016393443
17.50877192982456
15.131578947368421
16.15068493150685
12.76842105263158
26.833333333333332
26.833333333333332
18.285714285714285
21.166666666666668
14.285714285714286
16.0
15.634146341463415
16.340425531914892
14.381818181818181
16.157894736842106
12.75
16.676923076923078 