1927.0787339968772
619.7884799003059
475.13693708496146
819.3554668358311
768.1100221869808
2120.559598357757
2120.559598357757
4564.146227100833
753.8057001375792
1388.5456757996778
1004.4628327810744
844.0334810030365
1089.6321122120935
486.6773248246419
416.28873858775563
554.2179163302945
1883.4357126796717
647.4119601936707
961.9298805450036
868.2968602082753
430.8471496466974
377.0887993449851
377.0887993449851
855.0055580916655
852.2421032709291
425.32793113664843
235.61852904669485
618.4736792349654
1311.7516355077748
1533.9332132852708
1448.5293024827436
1447.611389163404
2284.5198062664113
1574.7443873050952
973.0163946566324
497.76788470315745
880.2755919725334
720.689891664854
487.6793506553086
1011.2930421259504
1013.3839362636184
1090.7811265946289
817.7008468913598
1427.3840348003362
1254.5012678759242